content
Skip to main content
Shop by category
Shop by category
Collectables & Antiques
Trains / Railway Models
Computers & Tablets
Mobile Phones
Sound & Vision
Cameras & Photography
Women's Clothing
Women's Shoes
Women's Handbags
Men's Clothing
"Films, Books, Music & Gaming"
"DVDs, Films & TV"
Video Games & Consoles
"Books, Comics & Magazines"
Health & Beauty
Hair Care & Styling
Manicure & Pedicure
"Home, Furniture & DIY"
Garden & Patio
DIY Materials
Home Decor
Jewellery & Watches
Fine Jewellery
Vintage & Antique Jewellery
Costume Jewellery
Car Parts
Car Tuning & Styling
"Car Wheels, Tyres & Trims"
"GPS, Audio & In-Car Technology"
"Business, Office & Industrial"
Toys & Games
Musical Instruments
Sporting Goods
See all categories
Enter your search keyword
if(document.getElementById('gh-ac').value.length !== 0) { document.getElementById('gh-ac-box').classList.add('gh-ac-box-focus'); document.getElementById('gh').classList.add('gh-sch-focus'); }
Health & Beauty
All Categories
"Books, Comics & Magazines"
"Business, Office & Industrial"
Cameras & Photography
"Cars, Motorcycles & Vehicles"
"Clothes, Shoes & Accessories"
Computers/Tablets & Networking
Dolls & Bears
Films & TV
Events Tickets
Garden & Patio
Health & Beauty
Holidays & Travel
"Home, Furniture & DIY"
Jewellery & Watches
Mobile Phones & Communication
Musical Instruments & DJ Equipment
Pet Supplies
Pottery & Glass
Sound & Vision
Sporting Goods
Sports Memorabilia
Toys & Games
Vehicle Parts & Accessories
Video Games & Consoles
Wholesale & Job Lots
Everything Else
Sign in
Help & Contact
My eBay
Expand My eBay
Recently Viewed
Watch List
Purchase History
Saved Searches
Saved Sellers
Data settings information and management
third-party companies
Customise my choices
Decline all
Accept all
There seems to be a problem serving the request at this time
You are here
Health & Beauty
"document.addEventListener(""DOMContentLoaded"", function(event) {           document.getElementsByClassName(""seo-breadcrumbs-container"")[0].getElementsByTagName(""nav"")[0].scrollLeft = 2000;    });"
Health & Beauty
Side Refine Panel
Shop by category
Bath & Body
See all in Bath & Body
Bath & Body Mixed Items & Gift Sets
Bath Bombs
Bath Brushes & Sponges
Bath Oils
Bath Salts
Bath Sets & Kits
Body Cleansers
Body Powders
Body Soaps
Body Sprays & Mists
Bubble Baths
Deodorants & Anti-Perspirants
Hand Washes
Scar & Stretch Mark Reducers
Shower Caps
Travel Bottles & Containers
See all in Fragrances
Children's Fragrances
Men's Fragrances & Aftershaves
Unisex Fragrances
Women's Fragrances
Hair Care & Styling
See all in Hair Care & Styling
"Bands, Clips & Styling Accs"
Brushes & Combs
Hair Colourants
Hair Extensions & Wigs
Hair Loss Treatments
Hair Styling Devices
Relaxers & Straightening Prod
Sets & Kits
Shampoos & Conditioners
Styling Products
"Treatments, Oils & Protectors"
Health Care
See all in Health Care
Diabetes Care
Ear Care
Feminine Care
First Aid
Foot Creams & Treatments
Hot & Cold Therapies
Monitoring & Testing
Other Health Care
Over-the-Counter Medications & Treatments
Personal Hygiene
Pharmacy Medicines
Pill Holders & Boxes
Sexual Wellness
Sleeping Aids
Smoking Cessation
Squeezable Stress Relievers
See all in Make-Up
Make-Up Cases & Bags
Make-Up Mixed Lots
Make-Up Tools & Accessories
Sets & Kits
See all in Massage
Electric Massage Chairs
Linens & Covers
Massage Oils & Lotions
Massage Pillows & Bolsters
Massage Stones & Rocks
Massage Tables & Chairs
Other Massage
Medical & Mobility
See all in Medical & Mobility
Daily Living Aids
Mobility Furniture & Fixtures
Mobility/Walking Equipment
Orthopaedics & Supports
"Nail Care, Manicure & Pedicure"
"See all in Nail Care, Manicure & Pedicure"
Nail Art
Nail Care & Treatment
Nail Care Tools
Nail Polish & Powders
Nail Polish Remover
Nail Practice & Displays
Spa & Bath Devices
Storage & Empty Containers
Natural & Alternative Remedies
See all in Natural & Alternative Remedies
Detox Pads
Herbal Remedies & Resins
Homeopathic Remedies
Ion Foot Baths
Light Therapy
Magnetic Therapy
Neti Pots & Cleansers
Other Natural Remedies
Self Help Audiovisuals
Titanium Therapy
Vacuum Suction & Cupping Therapy
Oral Care
See all in Oral Care
Breath Fresheners
Dental Floss & Flossers
Dental Guards
Denture Care
Electric Oral & Dental Care
Manual Toothbrushes
Orthodontic Care
Teeth Whitening
Teething Pain Relief
Temporary Teeth & Supplies
Tongue Cleaners
Other Health & Beauty
Salon & Spa
See all in Salon & Spa
Backwash Units & Shampoo Bowls
Capes & Gowns
Hair & Make-Up Mannequins
Magnifying Lamps
Professional Facial Machines
Rolling Cosmetic Boxes
Salon & Spa Supplies
Salon Dryers & Steamers
Scissors & Shears
Stylist Stations & Furniture
Towel Warmers & Sterilisers
Wax Heaters
Shaving & Hair Removal
See all in Shaving & Hair Removal
Electric Shaving & Hair Removal
Hair Removal Creams & Sprays
Hair Removal Wax
Razors & Razor Blades
Shaving & Grooming Kits
Shaving Brushes & Mugs
"Shaving Creams, Foams & Gels"
Waxing Supplies
Skin Care
See all in Skin Care
Acne & Blemish Treatments
Blotting Paper
Cleansers & Toners
Cotton Buds
Exfoliators & Scrubs
Eye Treatments & Masks
Facial Cleansing Device Parts
Facial Cleansing Devices
Kits & Gift-Sets
Lightening Creams
Lip Balm & Treatments
Make-Up Removers
Microdermabrasion Tools
Night Treatments
Skin Masks
Skin Peels
Sun Care & Tanning
See all in Sun Care & Tanning
After Sun Skin Care
Airbrush Tanning Compressors
Airbrush Tanning Parts
Airbrush Tanning Solutions
Airbrush Tanning Systems & Kits
Airbrush Tents
Fake Tanning Products
Sun Bed & Booth Parts
Sun Beds & Booths
Sunscreens & Sunblocks
Tanning Body Stickers
Tanning Disposables
Tanning Lotions
Tattoos & Body Art
See all in Tattoos & Body Art
Numbing Creams & Aftercare
Other Tattoos & Body Art
Piercing Kits
Piercing Supplies
Tattoo Complete Kits
Tattoo Grips
Tattoo Machine Parts
Tattoo Machines
Tattoo Needles
Tattoo Removal Machines
Tattoo Supplies
Tattoo Tips
Temporary Tattoos
Vision Care
See all in Vision Care
Contact Lens Care Solutions
Contact Lens Storage & Equipment
Eye Drops & Wash
Eyeglass Repair
Eyeglasses Parts
Eyepatches & Glasses Patches
Glasses Cases & Storage
Glasses Cleaning Tools & Supplies
Glasses Frames
"Glasses Straps, Cords & Grips"
Low Vision Magnifiers
Reading Glasses
Replacement Lenses
Special Purpose Glasses
Vitamins & Lifestyle Supplements
See all in Vitamins & Lifestyle Supplements
Dietary Supplement Accessories
Dietary Supplements
"Endurance & Energy Bars, Shakes & Pills"
Other Vitamins & Supplements
Sports Supplements
Vitamins & Minerals
Weight Management
Shop by category
Health Care
Hair Care & Styling
Medical & Mobility
Skin Care
Vitamins & Lifestyle Supplements
"Nail Care, Manicure & Pedicure"
Shaving & Hair Removal
Natural & Alternative Remedies
Bath & Body
Vision Care
Shop by Brand
Maybelline New York
Estée Lauder
"if(document.querySelector("".pagecontainer .spinner_""+""left"")){                document.querySelector("".pagecontainer .spinner_""+""left"").className=""spinner_left spinner--show"";            }"
All listings
Buy it now
Best Match
Best Match
Time: ending soonest
Time: newly listed
Price + postage: lowest first
Price + postage: highest first
Distance: nearest first
Gallery view
List view
"6,483,948 results"
see all
Buying format
All filters
Anti Blue Light Blocking Computer/ Gaming/ Reading/ Glasses Clear Lens/ 50+sold
EUR 7.99
Free postage
Vitamin D3 5000iu (150 Capsules) Bone Teeth Immune UK Manufacturer Lindens 0922]
EUR 11.19
Free postage
"4,316 sold"
"Healthy Origins Vitamin D3 10,000iu 360 Softgels Immune Health & Strong Bones"
EUR 23.65
EUR 6.67 postage
"10,865 sold"
4 Blackhead Remover Tool Kit Spot Acne Pimple Comedone Extractor Popper Comedon
EUR 5.49
Free postage
157 sold
Ariana Grande Body Mist Collection Holiday Gift Set New in box
EUR 42.50
EUR 30.03 postage
10 watching
Anti Snoring Chin Strap Belt Stop Snore Device Apnea Jaw Support Solution
EUR 5.95
Free postage
315 sold
Horny Goat Weed 1000mg (84 capsules) high strength sex libido pills UK [0755]
EUR 10.91
Free postage
"7,999 sold"
Live Well Vitamin E 400iu Softgels Capsules For Antioxidant Immune Support
EUR 3.59
EUR 9.19
EUR 5.59 postage
467 sold
540 Titanium Micro Needle Derma Roller Hair Regeneration Growth Skin Care wj
EUR 4.36
EUR 4.73
Free postage
"Go On Red, Natural Male Enhancement Performance Stamina booster 10 Red Pills"
EUR 31.83
EUR 17.27 postage
or Best Offer
"6,798 sold"
NOW Foods Vitamin D3 5000iu 120 Softgels Strong Bones and Immune System Support
EUR 13.95
EUR 6.67 postage
310 sold
Pure L-ARGININE powder 500g pharmaceutical grade USP/BP/FCC 500g KNutrition
EUR 16.01
EUR 13.11 postage
73 sold
Painless Mole & Skin Tag Removal Solution Mole Skin Dark Spot Lighten Face Tag
EUR 5.93
EUR 7.05
Free postage
60 Green Lipped Mussel - Arthritis Pain - Bone Health - All Around Good Health.
EUR 6.71
EUR 9.51 postage
"Blood Pressure Monitor for Home Use, Blood Pressure Machines for Home Use, Blood"
EUR 24.40
Free postage
5 watching
KIRKLAND 5% HAIR REGROWTH TREATMENT FOR MEN 6 MONTH SUPPLY Expire 2023
EUR 55.00
Free postage
291 sold
0.25/1mm 540 Titanium Microneedle Derma Roller Dermaroller Micro Needle Skin ei
EUR 4.33
Free postage
61 sold
Steroplast Premium Fabric Plaster Strip Roll - Cut Your Own Sizes
EUR 3.58
EUR 18.20
EUR 3.58 postage
171 sold
"3 x Moringa Oleifera LEAF EXTRACT Capsules 10,000mg IMMUNE BOOST SUPER FOOD Pill"
EUR 13.68
EUR 2.70 postage
Only 3 left
MOLECULE ISO E SUPER 01 Perfume by SCENTLAB PARFUMS Fragrance Spray 50ml
EUR 18.15
EUR 2.43 postage
"3,522 sold"
Ashwagandha 1000mg Tablets Natural Anti Stress and Anti Anxiety Vegan Tablets
EUR 3.92
EUR 9.52
EUR 5.59 postage
85 sold
"Healthy Origins Vitamin D3 5,000iu 360 Softgels Immune Health & Strong Bones"
EUR 18.22
EUR 6.67 postage
"4,303 sold"
"Hair Straightener Cable Fits GHD 3.1 SS2 4.0 4.1 4.2 x 10,25,50,100 ionco®"
EUR 8.49
EUR 543.47
EUR 10.87 postage
"1,358 sold"
240 COLORS OPI Gel Color Soak Off LED/UV Pick Your Color Gel Polish 0.5 oz 100%
EUR 13.07
EUR 14.53
Free postage
18 sold
Philips Series 9000 S9987/59 Elektrischer Nass-/Trockenrasierer | Neu | Händler
EUR 269.99
EUR 21.99 postage
17 watching
REDUSLIM Weight Loss And Control Fat Burning Slimming New Formula 100% Natural
EUR 19.94
Free postage
82 sold
Imari Elixir Eau de Parfum - 50ml
EUR 9.00
EUR 5.25 postage
100% Pure White Lotus Absolute Oil
EUR 10.18
EUR 43.69
EUR 7.21 postage
49 sold
7 Day Medicine Tablet Manager Pill Holder Box Organiser Daily
EUR 4.99
EUR 6.99
Free postage
"Live Well Zinc 15mg & Selenium 200mcg Tablets, Immune Health Skin Hair Nails"
EUR 4.47
EUR 12.31
EUR 5.59 postage
687 sold
ACCU-CHEK Active test strips 2 boxesX50pcs=100 teststrips EXP.Date 2022-09
EUR 31.50
Free postage
4 watching
Knee Support Elastic Nylon Sport Compression Sleeve For Sport
EUR 5.99
EUR 6.49
Free postage
"1 NYX Matte Lipstick - Silky Matte Finish ""Pick Your 1 Color"" *Joy's cosmetics*"
EUR 2.55
EUR 8.13
EUR 6.97
EUR 5.09 postage
311 sold
"Healthy Origins High Potency Biotin 5,000mcg 150 Vegetarian Capsules Strong Hair"
EUR 15.29
EUR 6.67 postage
100% Pure White Tea Absolute Oil
EUR 6.40
EUR 33.49
EUR 7.21 postage
100% Pure SOURSOP/GRAVIOLA/GUANABANA HERBAL TEA LEAF 30 BAGS (Annona muricata)
EUR 10.18
EUR 11.64 postage
645 sold
1/4'' 1/2'' Sanding Bands Drum Sleeves 80-600 Grit for Dremel Nail File Manicure
EUR 1.44
EUR 5.75
EUR 1.46 postage
DUREX Real Feel Non-latex Polyisoprene Ultra Thin Condoms Fast and Free P&P
EUR 14.99
EUR 36.99
Free postage
Timeless Skin Care 20% Vitamin C + E Ferulic Acid Serum - Full Size (1oz/30ml)
EUR 24.97
EUR 6.37 postage
Only 3 left
Professional Hair Cutting Gown Salon Barber Hairdressing Unisex Gown Cape Apron
EUR 4.99
Free postage
312 sold
Ascorbic Acid Vitamin C Pure Powder 1000g (2.2 LB) GMO Free FREE SHIPPING
EUR 25.91
Free postage
"1,242 sold"
PQQ Pyrroloquinoline quinone 30mg 120 capsules BRAIN HEALTH MENTAL FUNCTION
EUR 22.40
EUR 12.31 postage
110 sold
Natasha Denona Mini Love 5 Eyeshadow Palette BNIB
EUR 17.41
EUR 6.19 postage
OPI Nail Art Gel Color Polish Soak-off UV/LED Manicure Varnish 155Colors
EUR 14.25
EUR 15.71
Free postage
1 watching
3000mg PURE CREATINE TABLETS MONOHYDRATE - MUSCLE GROWTH & STRENGTH 120 Capsules
EUR 6.67
EUR 3.77 postage
"Healthy Origins Vitamin D3 10,000iu 120 Softgels Immune Health & Strong Bones"
EUR 14.41
EUR 6.67 postage
"1,296 sold"
Olimp-Creatine-Monohydrate-1250mg Kreatyna -Amino-Acids-90cap-MusclePump Power
EUR 9.68
Free postage
120 sold
Fragrance Oil 10ml Candle Soap Bath Bombs Scented Making Wax Melts Diffuser Reed
EUR 1.20
EUR 2.91
EUR 6.01 postage
"11,632 sold"
Results pagination - page 1
"if(document.querySelector("".pagecontainer .spinner_""+""right"")){                document.querySelector("".pagecontainer .spinner_""+""right"").className=""spinner_right spinner--hide"";            }"
"if(document.querySelector("".pagecontainer .spinner_""+""left"")){                document.querySelector("".pagecontainer .spinner_""+""left"").className=""spinner_left spinner--hide"";            }"
"var data=JSON.parse(atob(""eyIxMDEwODQiOnsicHJvdmlkZXJQYXJhbWV0ZXJzIjp7ImlzY2xwcyI6dHJ1ZSwiY2xwc3JlYXNvbnMiOlsiR0RQUiJdLCJtZWlkIjoiODA5ODhlZjVkMDU1NGJmOTljYzU3NzhmMzU1YmM5NWEiLCJzY2FuZGFsSlMiOnsic2NhbmRhbEpzVmVyc2lvbiI6IjIuMS4zNCIsInVybCI6Ii8vaXIuZWJheXN0YXRpYy5jb20vcnMvYy9zY2FuZGFsL1NjYW5kYWxKUy0yLjEuMzQubWluLmpzIiwiaGFzaCI6InNoYTM4NC1hSEUyTS9kRVp6a053MWJrSWZtcjhhS2c3aE12cXFIMUpTZ25XQ2RIV05iY0toM0xmVkpKZk9OUmtXN0ZpSjcrIn19LCJ0YXJnZXRpbmdQYXJhbWV0ZXJzIjp7fSwiaWRlbnRpZmljYXRpb24iOnsiaW5zdGFuY2VJZCI6MSwicHJvdmlkZXIiOiJNRkVfQURfUFJPVklERVIiLCJzb2pvdXJuZXJNb2R1bGVJZCI6NDUzNDUsInNjZW5hcmlvIjoiMTAxMDg0Iiwic2NlbmFyaW9WZXJzaW9uIjoiIn0sInBhZ2VJZCI6IjI0OTkzMzQiLCJwbGFjZW1lbnRJZCI6MTAxMDg0LCJwcm92aWRlciI6ImNzYSJ9fQ==""));window.scandalAds?window.scandalAds.push(data):window.scandalAds=[data];"
"window.widget_platform = {""renderType"":1,""renderDelay"":500,""triggerFallBack"":true,""status"":4,""queryParam"":null,""widgets"":[{""html"":"""",""css"":null,""js"":null,""jsInline"":null,""init"":""""}],""showdiag"":[]};"
Additional site navigation
About eBay
Safety Centre
Seller Centre
VeRO: Protecting Intellectual Property
Help & Contact
Site Map
Copyright © 1995-2021 eBay Inc. All Rights Reserved.
User Agreement
Norton Secured - powered by DigiCert
