content
CURVE + PLUS
Free Standard Shipping
"on orders over 29,00€"
15% off
on your first order
Sign in / Register
My Orders
my message
My Coupons
My Points
Recently Viewed
More Services
Customer Service
What can we do for you?
Choose your language preference
EUR / €
EUR / €
DKK / D.Kr.
CZK / Kč
PLN / zł
HUF / Ft
HRK / Kn
BGN / BGN
SEK / kr
USD / US$
RON / Lei
International Site
NEW IN
NEW IN
BACK IN STOCK
NEW IN BEAUTY
PETITE & TALL
SHEIN COLDBREAK
NEW IN CLOTHING
New In Dresses
New In Sweatshirts
New In Sweaters
New In Tops
New In Blouses
New In Coats & Jackets
New In Bottoms
New In Lingerie & Loungewear
New In Denim
Blazer & Suits
Jumpsuits & Bodysuits
Two pieces
NEW IN MATERNITY CLOTHING
NEW IN ACTIVEWEAR
NEW IN ACCESSORIES
NEW IN SHOES
NEW IN BAGS
NEW IN JEWELRY
NEW IN HOME
NEW IN STATIONERY
NEW IN PETS
NEW IN ELECTRONICS
NEW IN BEACHWEAR
SHEIN SXY
SHEIN BASICS
SHOP BY TRENDS
Earth Tone
Plaid Print
Ribbed Knit
Teddy & Faux Fur
SHEIN COLLECTION
SHEIN SXY
SHEIN BASICS
SHEIN UNISEX
SHEIN PETITE
SHEIN TALL
FAMILY LOOKS
SHEIN Coldbreak
SHEIN NEWNESS
SHEIN BASICS
Curve + Plus
Lingerie & Loungewear
BLACK FRIDAY
VIEW ALL
SHOP BY PRICE
All Under 5€
All Under 10€
All Under 15€
SPECIAL OFFERS
New in Sale
Bestsellers On Sale
Summer Sale
SHEIN COLLECTION
SHEIN SXY
SHEIN BASICS
SHEIN COLDBREAK
UP TO 65% OFF
Underwear & Sleepwear
Coats & Jackets
Shoes & Bags
Accessoires & Jewelry
SPECIAL OFFERS
Buy 3 Get 50% Off
Flash Sale
GIFT CARDS
LOUNGEWEAR & SLEEPWEAR
Lingerie & Loungewear
Home Decor
Bedding Sets
Active Tops
Active Sets
Active Bottoms
Sports Tools
KITCHEN & DINING
Drink & Barware
Kitchen Tools
CLEANING TOOLS
View All
Cleaning Brush
Sink Filter
PERSONAL CARE
View All
Hair Tools
Nail Art & Tools
Hand & Foot Tools
Women Tops
Tank Tops & Camis
Knit Tops
Sweater Dresses
COATS & JACKETS
Trench Coats
Denim Jackets & Coats
Winter Coat & Down Coat
SUITS & SEPARATES
TWO-PIECE OUTFITS
Sweatpants Sets
Skirt Sets
JUMPSUITS & BODYSUITS
Active Tops
Active Bottoms
Active Sets
SLEEP & LOUNGE
COSPLAY COSTUMES
SHOP BY BODY FIT
SHOP BY STYLE
Night Out
VIEW ALL
NEW IN
Long Sleeves
Oversized Tees
Graphic Tees
Striped Blouses
Puff Sleeve Blouses
Statement Collar
Sweater Vests
Fuzzy Sweaters
Cropped Sweatshirts
Trench Coats
SHOP BY STYLE
SHOP BY TRENDS
Fall Tops
Graphic Tops
Crop Tops
Plaid Tops
LINGERIE & LOUNGE
NEW IN LINGERIE & LOUNGEWEAR
New In Lingerie
New In Sleepwear
New In Loungewear
SHEIN COLLECTION
SHEIN BASICS
SHEIN SHAPE
Bras & Bralettes
Bra & Panty Sets
Sexy Lingerie
Sexy Costumes
Corsets & Shapewear
Lingerie' Accessories
WOMEN SOCKS & HOSIERY
Ankle socks
Over the Knee Socks
COSTUMES & ACCESSORIES
Pajama Sets
Nightgowns & Sleepshirts
Sleep Tops
Sleep Bottoms
Lounge Sets
Lounge Dresses
Lounge Robes
Lounge Tops
Lounge Bottoms
SHOP BY TREND
Seamless Lingerie
Push Up Lingerie
Thongs & V-string Lingerie
Mesh Lingerie
Embroidered Lingerie
Onesie Pajamas
Knit Loungewear
Fluffy Loungewear
Satin Loungewear
3-piece Pajama Set
SLEEP MASK
VIEW ALL
NEW IN
SHOP BY TREND
Sweater Dresses
Bodycon Dresses
Velvet Dresses
Floral Dresses
Shirt Dresses
Sheer Dresses
Satin Dresses
Cut Out Dresses
Criss Cross Dresses
SHOP BY LENGTH
Maxi Dresses
Midi Dresses
Short Dresses
SHOP BY COLOR
Black Dresses
White Dresses
Pastel Dresses
Burgundy Dresses
Orange Dresses
WEDDING SEASON
Wedding Dresses
Bridesmaid Dresses
Plus Size Wedding Dresses
Plus Size Bridesmaid Dresses
SHOP BY TRENDS
SHOES & ACCESSORIES
Women Boots
Women Sandals
Women Sneakers
Women Slippers
Women Water Shoes
Women Clogs
OFFICE & SCHOOL SUPPLIES
Crossbody Bags
Shoulder Bags
Tote Bags
Evening Bags & Clutches
Bum Bags
Bag Sets
Gym Bags
Hats & Gloves
Glasses & Eyewear Accessories
Hair Accessories
Face Masks & Accessories
Dickey Collars
Wedding Accessories
Fine Jewelry
Body Jewelry
EXERCISE EQUIPMENT
SHOP BY TRENDS
NEW BRUSHES
SHOP ALL
NEW IN BEAUTY TOOLS
NEW IN PERSONAL CARE
BEAUTY TOOLS
MAKEUP BRUSHES
Makeup Brush Sets
Face Brushes
Eye Brushes
Makeup Brush Cleaning
Lash Curlers
NAIL ART & TOOLS
Nail Art
Tools & Accessories
MAKEUP TOOLS
Makeup Sponge
Travel Bottles
Tweezers & Eyebrow Tools
BODY TATTOOS
MAKEUP BAGS
PERSONAL CARE
SKIN CARE
ORAL CARE
HEALTH & FITNESS
Sport Equipment
Body Posture & Shaping
HAIR  CARE
Hair Tools
Hair Wigs
BATH & BODY
Hand & Foot Tools
COLORED WIGS
MAKEUP SPONGE
MOTF Wonder-Fall
Urbane Elegance
Perfect Party Outfit
Motf Fall Into Autumn
Motf Sunglow Island
Motf Summer Holidays
Motf Summer Crush
Trending Street Style
Motf Le Soleil Collection
Motf Street Shot
STYLE GALLERY
SHEIN INSPIRATION
Occassion Outfits
Occassion Dresses
Hot Search
Black Friday
MOTF Premium new in
New Year Clothes
Cat Print
Zircon Decor Ring
Solid Crop Tank Top
New in Trends
6476 Products
Round Neck
Button Front
Sort By
It's empty!
Most Popular
New Arrivals
Top Reviewed
Price Low to High
Price High to Low
Women Bottoms
Women Pants
Women Sweatpants
Women Sweatshirts
Women Suits
Women Blazers
Women Suit Sets
Women Outerwear
Women Coats
Women Jackets
Women Trench Coats
Women Overcoats
Women Winter Coats
Women Down Coats
Women Faux Fur Coats
Women Co-ords
Women Two-piece Outfits
Women Knitwear
Women Sweaters
Women Knit Tops
Women Sweater Dresses
Women Cardigans
Women Sweater Co-ords
Women Sweater Skirts
Women Sweater Pants
View More
Pattern Type
Polka Dot
View More
Button Front
View More
Cotton Blends
View More
View More
Sleeve Length
Long Sleeve
Half Sleeve
Three Quarter Length Sleeve
Short Sleeve
Cap Sleeve
Pea Coat
Straight Leg
A Line
View More
View More
Bottom Type
Biker Shorts
View More
Top Type
View More
Price Range (EUR)
Add To Bag
GO TO BAG
Out of Stock
Add to Board
Contrast Panel Hooded Winter Coat
Add To Bag
GO TO BAG
Out of Stock
Add to Board
Mock Neck Solid Fuzzy Sweater
Add To Bag
GO TO BAG
Out of Stock
Add to Board
Zebra Striped Double Breasted Blazer
Add To Bag
GO TO BAG
Out of Stock
Add to Board
Drawstring Zip Up Fuzzy Hooded Winter Coat
Add To Bag
GO TO BAG
Out of Stock
Add to Board
Drawstring Waist Hooded Down Coat
Add To Bag
GO TO BAG
Out of Stock
Add to Board
SHEIN Solid Zip Up Hooded Puffer Vest
Add To Bag
GO TO BAG
Out of Stock
Add to Board
Drop Shoulder Tie Front Sweater Dress
Add To Bag
GO TO BAG
Out of Stock
Add to Board
Turtleneck Ribbed Knit Drop Shoulder Sweater
Add To Bag
GO TO BAG
Out of Stock
Add to Board
Mock Neck Drop Shoulder Sweater
Add To Bag
GO TO BAG
Out of Stock
Add to Board
DAZY Ribbed Knit Turtleneck Sweater
Add To Bag
GO TO BAG
Out of Stock
Add to Board
Turtleneck Raglan Sleeve Sweater
Add To Bag
GO TO BAG
Out of Stock
Add to Board
Button Front Flap Pocket Drop Shoulder Teddy Coat
Add To Bag
GO TO BAG
Out of Stock
Add to Board
Twist Front Ribbed Knit Crop Sweater
Add To Bag
GO TO BAG
Out of Stock
Add to Board
Cable Knit Sweater Dress Without Belt
Add To Bag
GO TO BAG
Out of Stock
Add to Board
Color-block Kangaroo Pocket Drawstring Hoodie
Add To Bag
GO TO BAG
Out of Stock
Add to Board
Cable Knit Turtle Neck Oversized Sweater
Add To Bag
GO TO BAG
Out of Stock
Add to Board
Surplice Neck Batwing Sleeve Sweater
Add To Bag
GO TO BAG
Out of Stock
Add to Board
Striped Pattern Drop Shoulder Sweater
Add To Bag
GO TO BAG
Out of Stock
Add to Board
SHEIN Solid Drop Shoulder Teddy Pullover
Add To Bag
GO TO BAG
Out of Stock
Add to Board
Lantern Sleeve Open Front Longline Cardigan
Add To Bag
GO TO BAG
Out of Stock
Add to Board
SHEIN SXY Open Front Flap Detail Lapel Coat
Add To Bag
GO TO BAG
Out of Stock
Add to Board
Contrast Collar Notched Neck Sweater
Add To Bag
GO TO BAG
Out of Stock
Add to Board
Mock Neck Solid Drop Shoulder Sweater
Add To Bag
GO TO BAG
Out of Stock
Add to Board
Zipper Up Slant Pocket Hooded Sleeveless Puffer Coat
Add To Bag
GO TO BAG
Out of Stock
Add to Board
DAZY Drop Shoulder Teddy Panel Suede Coat
Add To Bag
GO TO BAG
Out of Stock
Add to Board
Letter Patch Detail Drop Shoulder Colorblock Bomber Jacket
Add To Bag
GO TO BAG
Out of Stock
Add to Board
SHEIN High Waist Wide Leg PU Leather Pants
Add To Bag
GO TO BAG
Out of Stock
Add to Board
Fuzzy Drop Shoulder Open Front Cardigan
Add To Bag
GO TO BAG
Out of Stock
Add to Board
Split Hem Belted Sweater Dress Without Blouse
Add To Bag
GO TO BAG
Out of Stock
Add to Board
Skeleton Print Drop Shoulder Thermal Pullover
Add To Bag
GO TO BAG
Out of Stock
Add to Board
Turtleneck Slit Hem Sweater
Add To Bag
GO TO BAG
Out of Stock
Add to Board
Drop Shoulder Teddy Coat
Add To Bag
GO TO BAG
Out of Stock
Add to Board
Cable Knit Turtle Neck Sweater
Add To Bag
GO TO BAG
Out of Stock
Add to Board
Cable Knit Drop Shoulder Sweater
Add To Bag
GO TO BAG
Out of Stock
Add to Board
Marled Knit Dual Pocket Sweater Vest Without Blouse
Add To Bag
GO TO BAG
Out of Stock
Add to Board
DAZY Space Dye Drop Shoulder Sweater
Add To Bag
GO TO BAG
Out of Stock
Add to Board
Knot Front Sweater Dress
Add To Bag
GO TO BAG
Out of Stock
Add to Board
High Neck Drop Shoulder Sweater Dress Without Belt
Add To Bag
GO TO BAG
Out of Stock
Add to Board
High Waist Cord Wide Leg Pants
Add To Bag
GO TO BAG
Out of Stock
Add to Board
Drop Shoulder Rib-knit Sweater
Add To Bag
GO TO BAG
Out of Stock
Add to Board
Colorblock & Floral Pattern Drop Shoulder Cardigan
Add To Bag
GO TO BAG
Out of Stock
Add to Board
Cable Knit Drop Shoulder Cardigan
Add To Bag
GO TO BAG
Out of Stock
Add to Board
Drop Shoulder Turtle Neck Slit Hem Sweater Dress
Add To Bag
GO TO BAG
Out of Stock
Add to Board
Color Block Drop Shoulder Sweater
Add To Bag
GO TO BAG
Out of Stock
Add to Board
Square Neck Rib Knit Skinny Sweater
Add To Bag
GO TO BAG
Out of Stock
Add to Board
Single Breasted Colorblock Overcoat
Add To Bag
GO TO BAG
Out of Stock
Add to Board
SHEIN Double Breasted Blazer & Tailored Pants
Add To Bag
GO TO BAG
Out of Stock
Add to Board
Contrast Binding Cable Knit Sweater
Add To Bag
GO TO BAG
Out of Stock
Add to Board
Flap Pocket Drop Shoulder Corduroy Jacket
Add To Bag
GO TO BAG
Out of Stock
Add to Board
Drop Shoulder Knit Placket Cardigan
Add To Bag
GO TO BAG
Out of Stock
Add to Board
Snap Button Up Belted Puffer Coat
Add To Bag
GO TO BAG
Out of Stock
Add to Board
High Neck Drawstring Ruched Sweater Dress
Add To Bag
GO TO BAG
Out of Stock
Add to Board
Striped Mock Neck Drop Shoulder Sweater
Add To Bag
GO TO BAG
Out of Stock
Add to Board
Cable Knit Sweater Vest Without Blouse
Add To Bag
GO TO BAG
Out of Stock
Add to Board
Turtleneck Drop Shoulder Dual Pocket Sweater Dress Without Belt
Add To Bag
GO TO BAG
Out of Stock
Add to Board
Christmas Pattern Raglan Sleeve Sweater
Add To Bag
GO TO BAG
Out of Stock
Add to Board
High Neck Bishop Sleeve Sweater
Add To Bag
GO TO BAG
Out of Stock
Add to Board
Solid Thermal Lined Sweatshirt
Add To Bag
GO TO BAG
Out of Stock
Add to Board
Solid Gigot Sleeve Wrap Sweater
Add To Bag
GO TO BAG
Out of Stock
Add to Board
V-neck Collared Cable Knit Sweater
Add To Bag
GO TO BAG
Out of Stock
Add to Board
Drop Shoulder Ribbed Knit Sweater
Add To Bag
GO TO BAG
Out of Stock
Add to Board
Turtle Neck Drop Shoulder Sweater Dress Without Belt
Add To Bag
GO TO BAG
Out of Stock
Add to Board
Ribbed Knit Fitted Sweater
Add To Bag
GO TO BAG
Out of Stock
Add to Board
Butterfly And Sun Print Drop Shoulder Oversized Thermal Lined Sweatshirt
Add To Bag
GO TO BAG
Out of Stock
Add to Board
Snowflake Pattern Drop Shoulder Sweater
Add To Bag
GO TO BAG
Out of Stock
Add to Board
Solid Tie Front Sweater
Add To Bag
GO TO BAG
Out of Stock
Add to Board
Rib Knit Button Front Top & Flare Leg Pants
Add To Bag
GO TO BAG
Out of Stock
Add to Board
Zip Up Hooded Puffer Vest Coat
Add To Bag
GO TO BAG
Out of Stock
Add to Board
Ripped Knit Knit Tube Top With Bolero
Add To Bag
GO TO BAG
Out of Stock
Add to Board
2pcs Solid Elastic Waist Thermal Sweatpants
Add To Bag
GO TO BAG
Out of Stock
Add to Board
SHEIN Contrast Lace Round Neck  Sweatshirt
Add To Bag
GO TO BAG
Out of Stock
Add to Board
SHEIN PETITE Solid Lapel Neck Blazer & Tailored Pants
Add To Bag
GO TO BAG
Out of Stock
Add to Board
Turtleneck Chevron Pattern Lantern Sleeve Sweater
Add To Bag
GO TO BAG
Out of Stock
Add to Board
Dragon Print Colorblock Sweatshirt
Add To Bag
GO TO BAG
Out of Stock
Add to Board
Zip Up Snap Button Hooded Puffer Coat
Add To Bag
GO TO BAG
Out of Stock
Add to Board
Flap Pocket Drop Shoulder PU Leather Coat
Add To Bag
GO TO BAG
Out of Stock
Add to Board
High Neck Drop Shoulder Sweater
Add To Bag
GO TO BAG
Out of Stock
Add to Board
Teddy-lining Lapel Neck Gingham Coat
Add To Bag
GO TO BAG
Out of Stock
Add to Board
Letter Embroidery Bomber Jacket
Add To Bag
GO TO BAG
Out of Stock
Add to Board
Floral Print Drawstring Hoodie
Add To Bag
GO TO BAG
Out of Stock
Add to Board
Raglan Sleeve Double Breasted Belted Trench Coat
Add To Bag
GO TO BAG
Out of Stock
Add to Board
Ribbed Knit Drop Shoulder Sweater
Add To Bag
GO TO BAG
Out of Stock
Add to Board
Pointelle Knit Solid Sweater
Add To Bag
GO TO BAG
Out of Stock
Add to Board
Solid Pocket Patched Corduroy Blazer
Add To Bag
GO TO BAG
Out of Stock
Add to Board
3pcs Solid Thermal Sweatshirt
Add To Bag
GO TO BAG
Out of Stock
Add to Board
3pcs Solid Elastic Waist Thermal Lined Sweatpants
Add To Bag
GO TO BAG
Out of Stock
Add to Board
Solid Drop Shoulder Longline Cardigan & Mock Neck Sweater Dress
Add To Bag
GO TO BAG
Out of Stock
Add to Board
Funnel Neck Rib Knit Sweater
Add To Bag
GO TO BAG
Out of Stock
Add to Board
SHEIN V-collar Drop Shoulder Sweater Dress
Add To Bag
GO TO BAG
Out of Stock
Add to Board
Drop Shoulder Textured Sweater
Add To Bag
GO TO BAG
Out of Stock
Add to Board
SHEIN Lapel Neck Snap Button Fuzzy Coat
Add To Bag
GO TO BAG
Out of Stock
Add to Board
Drop Shoulder Slit Hem Sweater Dress
Add To Bag
GO TO BAG
Out of Stock
Add to Board
Ribbed Turtleneck Mini Sweater Dress
Add To Bag
GO TO BAG
Out of Stock
Add to Board
DAZY Quarter Zip Drop Shoulder Sweatshirt
Add To Bag
GO TO BAG
Out of Stock
Add to Board
DAZY Polo Neck Letter Embroidery Drop Shoulder Sweatshirt
Add To Bag
GO TO BAG
Out of Stock
Add to Board
Double Pocket Drop Shoulder Overcoat
Add To Bag
GO TO BAG
Out of Stock
Add to Board
SHEIN Double Breasted Open Front Jacket
Add To Bag
GO TO BAG
Out of Stock
Add to Board
Zipper Front Drawstring Hem Vest Puffer Coat Without Tee
Add To Bag
GO TO BAG
Out of Stock
Add to Board
4pcs Turtle Neck Ribbed Knit Sweater
Add To Bag
GO TO BAG
Out of Stock
Add to Board
Ruffle Trim Bodycon Sweater Dress
Add To Bag
GO TO BAG
Out of Stock
Add to Board
High Neck Batwing Sleeve Sweater
Add To Bag
GO TO BAG
Out of Stock
Add to Board
Single Breasted Dual Pockets Teddy Coat
Add To Bag
GO TO BAG
Out of Stock
Add to Board
DAZY Drop Shoulder Turtleneck Sweater
Add To Bag
GO TO BAG
Out of Stock
Add to Board
Drop Shoulder Mock Neck Crop Teddy Pullover
Add To Bag
GO TO BAG
Out of Stock
Add to Board
Lapel Collar Belted Overcoat
Add To Bag
GO TO BAG
Out of Stock
Add to Board
Solid Batwing Sleeve Oversized Sweater
Add To Bag
GO TO BAG
Out of Stock
Add to Board
Round Neck Mushroom Print Thermal Pullover
Add To Bag
GO TO BAG
Out of Stock
Add to Board
SHEIN Solid Tee & Wide Waistband Leggings Set
Add To Bag
GO TO BAG
Out of Stock
Add to Board
Mock Neck Colorblock Drop Shoulder Sweater Dress Without Belt
Add To Bag
GO TO BAG
Out of Stock
Add to Board
Chinese Dragon Print Zip Up Drop Shoulder Sweatshirt
Add To Bag
GO TO BAG
Out of Stock
Add to Board
SHEIN SXY Single Breasted Flap Detail Blazer
Add To Bag
GO TO BAG
Out of Stock
Add to Board
SHEIN Solid Surplice Neck Sweater
Add To Bag
GO TO BAG
Out of Stock
Add to Board
SHEIN PETITE Flap Pocket Drop Shoulder PU Leather Coat
Add To Bag
GO TO BAG
Out of Stock
Add to Board
Mesh Yoke Drop Shoulder Sweater
Add To Bag
GO TO BAG
Out of Stock
Add to Board
Solid Straight Leg PU Pants
Add To Bag
GO TO BAG
Out of Stock
Add to Board
SHEIN Notch Collar Roll Tab Sleeve Blazer
Add To Bag
GO TO BAG
Out of Stock
Add to Board
Hooded Open Front Fluffy Teddy Coat
Add To Bag
GO TO BAG
Out of Stock
Add to Board
High Neck Ribbed Knit Sweater Dress Without Belt
Add To Bag
GO TO BAG
Out of Stock
Add to Board
Button Back Contrast Peter-pan Collar Sweater
Add To Bag
GO TO BAG
Out of Stock
Add to Board
Alien Print Thermal Lined Crop Sweatshirt
Next Page
Total 40 Pages
"if (typeof falconLazyLoad !== 'undefined') {            var observer = falconLazyLoad('.falcon-lazyload', {                rootMargin: '0px 0px 40% 0px'            })            observer.observe()        }"
COMPANY INFO
About SHEIN
Social Responsibility
Fashion Blogger
HELP & SUPPORT
Shipping Info
How To Order
How To Track
Size Guide
CUSTOMER CARE
Contact Us
Payment & Taxes
Bonus Point
Info About COVID-19
FIND US ON
Sign up for SheIn style news
"By clicking the SUBSCRIBE button, you are agreeing to our"
Privacy & Cookie Policy
Please agree to our Privacy & Cookie Policy.
WE ACCEPT
©2009-2021 SHEIN All Rights Reserved
Privacy Center
Privacy & Cookie Policy
Manage Cookies
Terms & Conditions
Copyright Notice
The page you selected cannot handle the problems of existing orders. Do you want to continue?
"var __CurrentMainDomain__ = (function () {          var hostnameArray = location.hostname.split('.');          return ""."" + hostnameArray.slice(-2).join('.');        })();"
window.doCriteoQ = function (params) {      }
"if (typeof doCriteoQ === 'function') {        doCriteoQ({          event: 'viewList',          item: parseInt('120') ? 'sw2110166544921108,sw2108266941337316,sw2110055297549614'.split(',') : []        })      }"
Sign in to receive the vouchers below
10% OFF
"For Order Over 45,00€"
01/11/2021 03:00 ~ 08/11/2021 15:59
For All Products
15% OFF
"For Order Over 75,00€"
01/11/2021 03:00 ~ 08/11/2021 15:59
For All Products
20% OFF
"For Order Over 115,00€"
01/11/2021 03:00 ~ 08/11/2021 15:59
For All Products
COLLECT ALL
Check Coupons
Download to enjoy
1st order
Code: eur10f
Add to Board
You successfully added these products to Board !
Privacy Preference Center
More information
Allow All
Manage Consent Preferences
Strictly Necessary Cookies
Always Active
Performance Cookies
Performance Cookies
Functional Cookies
Functional Cookies
Targeting Cookies
Targeting Cookies
Back Button
Performance Cookies
Vendor Search
Search Icon
Filter Icon
checkbox label
checkbox label
checkbox label
checkbox label
Confirm My Choices
Click here to see our Privacy Policy.
Reject All
Cookies Settings
WELCOME TO
SHEIN EUR SITE
These are your special gifts
YOUR FIRST                                ORDER
More                                exclusive offers Only in EUR
SHOP NOW
Extra 15% OFF！
I agree to the
Privacy & Cookie Policy
Terms & Conditions
Verification Succeeded
Timed out
